  2.8077538e-001  9.2116519e-001
  2.8488948e-001  9.1883798e-001
  2.8694109e-001  9.1766481e-001
  2.8898907e-001  9.1648531e-001
  2.9103342e-001  9.1529954e-001
  2.9307415e-001  9.1410753e-001
  2.9511125e-001  9.1290935e-001
  2.9714472e-001  9.1170500e-001
  2.9917457e-001  9.1049457e-001
  3.0120079e-001  9.0927806e-001
  3.0322339e-001  9.0805556e-001
  3.0524237e-001  9.0682708e-001
  3.0725774e-001  9.0559268e-001
  3.0926946e-001  9.0435236e-001
  3.1127761e-001  9.0310625e-001
  3.1328211e-001  9.0185428e-001
  3.1528303e-001  9.0059661e-001
  3.1728033e-001  8.9933319e-001
  3.1927403e-001  8.9806408e-001
  3.2126411e-001  8.9678933e-001
  3.2325063e-001  8.9550902e-001
  3.2523353e-001  8.9422312e-001
  3.2721286e-001  8.9293173e-001
  3.2918861e-001  8.9163486e-001
  3.3116076e-001  8.9033253e-001
  3.3312935e-001  8.8902483e-001
  3.3509437e-001  8.8771176e-001
  3.3705581e-001  8.8639336e-001
  3.3901371e-001  8.8506970e-001
  3.4096803e-001  8.8374076e-001
  3.4291882e-001  8.8240666e-001
  3.4486608e-001  8.8106739e-001
  3.4680971e-001  8.7972287e-001
  3.4874995e-001  8.7837346e-001
  3.5068660e-001  8.7701891e-001
  3.5261972e-001  8.7565932e-001
  3.5454933e-001  8.7429474e-001
  3.5647544e-001  8.7292524e-001
  3.5839805e-001  8.7155082e-001
  3.6031713e-001  8.7017149e-001
  3.6223278e-001  8.6878739e-001
  3.6414493e-001  8.6739846e-001
  3.6605359e-001  8.6600475e-001
  3.6795877e-001  8.6460627e-001
  3.6986054e-001  8.6320316e-001
  3.7175882e-001  8.6179534e-001
  3.7365368e-001  8.6038290e-001
  3.7554509e-001  8.5896587e-001
  3.7743304e-001  8.5754422e-001
  3.7931762e-001  8.5611810e-001
  3.8119878e-001  8.5468748e-001
  3.8307652e-001  8.5325237e-001
  3.8495085e-001  8.5181281e-001
  3.8682176e-001  8.5036881e-001
  3.8868937e-001  8.4892055e-001
  3.9055356e-001  8.4746789e-001
  3.9241440e-001  8.4601093e-001
  3.9427183e-001  8.4454963e-001
  3.9612598e-001  8.4308417e-001
  3.9797675e-001  8.4161445e-001
  3.9982421e-001  8.4014057e-001
  4.0166835e-001  8.3866253e-001
  4.0350912e-001  8.3718030e-001
  4.0534666e-001  8.3569406e-001
  4.0718084e-001  8.3420369e-001
  4.0901179e-001  8.3270935e-001
  4.1083940e-001  8.3121091e-001
  4.1266373e-001  8.2970850e-001
  4.1448490e-001  8.2820225e-001
  4.1630274e-001  8.2669199e-001
  4.1811737e-001  8.2517786e-001
  4.1992870e-001  8.2365980e-001
  4.2173686e-001  8.2213796e-001
  4.2354181e-001  8.2061231e-001
  4.2534351e-001  8.1908283e-001
  4.2714206e-001  8.1754964e-001
  4.2893732e-001  8.1601260e-001
  4.3072953e-001  8.1447202e-001
  4.3251853e-001  8.1292769e-001
  4.3430434e-001  8.1137969e-001
  4.3608700e-001  8.0982806e-001
  4.3786649e-001  8.0827279e-001
  4.3964289e-001  8.0671400e-001
  4.4141610e-001  8.0515157e-001
  4.4318634e-001  8.0358579e-001
  4.4495343e-001  8.0201644e-001
  4.4671738e-001  8.0044357e-001
  4.4847824e-001  7.9886724e-001
  4.5023601e-001  7.9728746e-001
  4.5199071e-001  7.9570428e-001
  4.5374240e-001  7.9411777e-001
  4.5549103e-001  7.9252788e-001
  4.5723662e-001  7.9093466e-001
  4.5897917e-001  7.8933811e-001
  4.6071866e-001  7.8773823e-001
  4.6245521e-001  7.8613516e-001
  4.6418870e-001  7.8452879e-001
  4.6591925e-001  7.8291924e-001
  4.6764674e-001  7.8130640e-001
  4.6937137e-001  7.7969052e-001
  4.7109290e-001  7.7807133e-001
  4.7281158e-001  7.7644912e-001
  4.7452731e-001  7.7482378e-001
  4.7624009e-001  7.7319534e-001
  4.7794990e-001  7.7156377e-001
  4.7965685e-001  7.6992923e-001
  4.8136078e-001  7.6829152e-001
  4.8306203e-001  7.6665104e-001
  4.8476026e-001  7.6500743e-001
  4.8645565e-001  7.6336089e-001
  4.8814812e-001  7.6171135e-001
  4.8983773e-001  7.6005888e-001
  4.9152446e-001  7.5840347e-001
  4.9320848e-001  7.5674530e-001
  4.9488957e-001  7.5508416e-001
  4.9656791e-001  7.5342025e-001
  4.9824342e-001  7.5175348e-001
  4.9991611e-001  7.5008388e-001
  5.0158596e-001  7.4841145e-001
  5.0325308e-001  7.4673629e-001
  5.0491740e-001  7.4505835e-001
  5.0657899e-001  7.4337771e-001
  5.0823780e-001  7.4169432e-001
  5.0989383e-001  7.4000820e-001
  5.1154719e-001  7.3831946e-001
  5.1319768e-001  7.3662791e-001
  5.1484567e-001  7.3493393e-001
  5.1649084e-001  7.3323721e-001
  5.1813322e-001  7.3153779e-001
  5.1977306e-001  7.2983592e-001
  5.2141014e-001  7.2813140e-001
  5.2304459e-001  7.2642435e-001
  5.2467626e-001  7.2471463e-001
  5.2630545e-001  7.2300257e-001
  5.2793179e-001  7.2128779e-001
  5.2955571e-001  7.1957072e-001
  5.3117683e-001  7.1785101e-001
  5.3279548e-001  7.1612897e-001
  5.3441140e-001  7.1440437e-001
  5.3602473e-001  7.1267735e-001
  5.3763548e-001  7.1094792e-001
  5.3924371e-001  7.0921614e-001
  5.4084931e-001  7.0748193e-001
  5.4245233e-001  7.0574534e-001
  5.4405272e-001  7.0400632e-001
  5.4565079e-001  7.0226516e-001
  5.4724621e-001  7.0052158e-001
  5.4883907e-001  6.9877566e-001
  5.5042940e-001  6.9702744e-001
  5.5201718e-001  6.9527689e-001
  5.5360255e-001  6.9352417e-001
  5.5518522e-001  6.9176900e-001
  5.5676559e-001  6.9001177e-001
  5.5834358e-001  6.8825240e-001
  5.5991899e-001  6.8649072e-001
  5.6149188e-001  6.8472678e-001
  5.6306239e-001  6.8296073e-001
  5.6463038e-001  6.8119244e-001
  5.6619601e-001  6.7942206e-001
  5.6775915e-001  6.7764949e-001
  5.6931990e-001  6.7587479e-001
  5.7087823e-001  6.7409799e-001
  5.7243415e-001  6.7231907e-001
  5.7398756e-001  6.7053795e-001
  5.7553878e-001  6.6875494e-001
  5.7708763e-001  6.6696986e-001
  5.7863403e-001  6.6518266e-001
  5.8017806e-001  6.6339341e-001
  5.8171970e-001  6.6160210e-001
  5.8325907e-001  6.5980884e-001
  5.8479607e-001  6.5801355e-001
  5.8633062e-001  6.5621616e-001
  5.8786307e-001  6.5441699e-001
  5.8939311e-001  6.5261576e-001
  5.9092083e-001  6.5081256e-001
  5.9244625e-001  6.4900742e-001
  5.9396939e-001  6.4720035e-001
  5.9549024e-001  6.4539136e-001
  5.9700876e-001  6.4358040e-001
  5.9852513e-001  6.4176766e-001
  6.0003917e-001  6.3995296e-001
  6.0155097e-001  6.3813640e-001
  6.0306047e-001  6.3631792e-001
  6.0456784e-001  6.3449768e-001
  6.0607289e-001  6.3267552e-001
  6.0757581e-001  6.3085160e-001
  6.0907642e-001  6.2902578e-001
  6.1057492e-001  6.2719824e-001
  6.1207113e-001  6.2536881e-001
  6.1356517e-001  6.2353761e-001
  6.1505710e-001  6.2170469e-001
  6.1654678e-001  6.1986994e-001
  6.1803436e-001  6.1803349e-001
  6.1951974e-001  6.1619527e-001
  6.2100293e-001  6.1435527e-001
  6.2248399e-001  6.1251355e-001
  6.2396293e-001  6.1067014e-001
  6.2543975e-001  6.0882503e-001
  6.2691447e-001  6.0697823e-001
  6.2838703e-001  6.0512971e-001
  6.2985748e-001  6.0327952e-001
  6.3132585e-001  6.0142767e-001
  6.3279210e-001  5.9957415e-001
  6.3425627e-001  5.9771898e-001
  6.3571835e-001  5.9586217e-001
  6.3717836e-001  5.9400373e-001
  6.3863631e-001  5.9214366e-001
  6.4009219e-001  5.9028199e-001
  6.4154602e-001  5.8841870e-001
  6.4299780e-001  5.8655382e-001
  6.4444755e-001  5.8468736e-001
  6.4589526e-001  5.8281932e-001
  6.4734094e-001  5.8094970e-001
  6.4878460e-001  5.7907853e-001
  6.5022626e-001  5.7720582e-001
  6.5166590e-001  5.7533155e-001
  6.5310355e-001  5.7345576e-001
  6.5453920e-001  5.7157843e-001
  6.5597287e-001  5.6969959e-001
  6.5740456e-001  5.6781924e-001
  6.5883428e-001  5.6593740e-001
  6.6026202e-001  5.6405405e-001
  6.6168782e-001  5.6216923e-001
  6.6311166e-001  5.6028293e-001
  6.6453354e-001  5.5839516e-001
  6.6595350e-001  5.5650594e-001
  6.6737151e-001  5.5461526e-001
  6.6878761e-001  5.5272313e-001
  6.7020178e-001  5.5082958e-001
  6.7161403e-001  5.4893459e-001
  6.7302438e-001  5.4703818e-001
  6.7443283e-001  5.4514036e-001
  6.7583937e-001  5.4324113e-001
  6.7724403e-001  5.4134050e-001
  6.7864682e-001  5.3943850e-001
  6.8004772e-001  5.3753510e-001
  6.8144675e-001  5.3563033e-001
  6.8284391e-001  5.3372418e-001
  6.8423922e-001  5.3181669e-001
  6.8563268e-001  5.2990783e-001
  6.8702428e-001  5.2799763e-001
  6.8841405e-001  5.2608609e-001
  6.8980196e-001  5.2417320e-001
  6.9118809e-001  5.2225902e-001
  6.9257237e-001  5.2034350e-001
  6.9395483e-001  5.1842667e-001
  6.9533548e-001  5.1650853e-001
  6.9671435e-001  5.1458911e-001
  6.9809140e-001  5.1266839e-001
  6.9946666e-001  5.1074638e-001
  7.0084012e-001  5.0882309e-001
  7.0221183e-001  5.0689855e-001
  7.0358174e-001  5.0497273e-001
  7.0494989e-001  5.0304565e-001
  7.0631626e-001  5.0111732e-001
  7.0768089e-001  4.9918775e-001
  7.0904376e-001  4.9725694e-001
  7.1040488e-001  4.9532490e-001
  7.1176425e-001  4.9339163e-001
  7.1312190e-001  4.9145714e-001
  7.1447781e-001  4.8952144e-001
  7.1583201e-001  4.8758453e-001
  7.1718447e-001  4.8564642e-001
  7.1853523e-001  4.8370711e-001
  7.1988428e-001  4.8176662e-001
  7.2123162e-001  4.7982495e-001
  7.2257726e-001  4.7788209e-001
  7.2392122e-001  4.7593807e-001
  7.2526348e-001  4.7399288e-001
  7.2660407e-001  4.7204653e-001
  7.2794298e-001  4.7009902e-001
  7.2928021e-001  4.6815037e-001
  7.3061578e-001  4.6620058e-001
  7.3194969e-001  4.6424965e-001
  7.3328194e-001  4.6229759e-001
  7.3461255e-001  4.6034440e-001
  7.3594151e-001  4.5839009e-001
  7.3726883e-001  4.5643467e-001
  7.3859451e-001  4.5447814e-001
  7.3991857e-001  4.5252051e-001
  7.4124100e-001  4.5056178e-001
  7.4256181e-001  4.4860196e-001
  7.4388099e-001  4.4664104e-001
  7.4519859e-001  4.4467906e-001
  7.4651457e-001  4.4271599e-001
  7.4782895e-001  4.4075185e-001
  7.4914174e-001  4.3878665e-001
  7.5045294e-001  4.3682038e-001
  7.5176255e-001  4.3485306e-001
  7.5307058e-001  4.3288469e-001
  7.5437704e-001  4.3091527e-001
  7.5568192e-001  4.2894480e-001
  7.5698526e-001  4.2697332e-001
  7.5828702e-001  4.2500079e-001
  7.5958722e-001  4.2302724e-001
  7.6088588e-001  4.2105267e-001
  7.6218300e-001  4.1907708e-001
  7.6347856e-001  4.1710048e-001
  7.6477259e-001  4.1512287e-001
  7.6606507e-001  4.1314425e-001
  7.6735606e-001  4.1116466e-001
  7.6864550e-001  4.0918406e-001
  7.6993344e-001  4.0720248e-001
  7.7121986e-001  4.0521991e-001
  7.7250478e-001  4.0323637e-001
  7.7378818e-001  4.0125185e-001
  7.7507008e-001  3.9926636e-001
  7.7635048e-001  3.9727990e-001
  7.7762941e-001  3.9529249e-001
  7.7890684e-001  3.9330413e-001
  7.8018279e-001  3.9131481e-001
  7.8145727e-001  3.8932454e-001
  7.8273026e-001  3.8733333e-001
  7.8400180e-001  3.8534118e-001
  7.8527186e-001  3.8334810e-001
  7.8654046e-001  3.8135408e-001
  7.8780762e-001  3.7935915e-001
  7.8907332e-001  3.7736330e-001
  7.9033756e-001  3.7536651e-001
  7.9160038e-001  3.7336883e-001
  7.9286175e-001  3.7137023e-001
  7.9412169e-001  3.6937074e-001
  7.9538020e-001  3.6737034e-001
  7.9663728e-001  3.6536904e-001
  7.9789294e-001  3.6336685e-001
  7.9914716e-001  3.6136376e-001
  8.0040000e-001  3.5935980e-001
  8.0165143e-001  3.5735497e-001
  8.0290145e-001  3.5534925e-001
  8.0415007e-001  3.5334266e-001
  8.0539728e-001  3.5133520e-001
  8.0664311e-001  3.4932688e-001
  8.0788755e-001  3.4731770e-001
  8.0913060e-001  3.4530766e-001
  8.1037228e-001  3.4329677e-001
  8.1161258e-001  3.4128503e-001
  8.1285150e-001  3.3927244e-001
  8.1408906e-001  3.3725901e-001
  8.1532525e-001  3.3524474e-001
  8.1656008e-001  3.3322964e-001
  8.1779355e-001  3.3121370e-001
  8.1902567e-001  3.2919695e-001
  8.2025645e-001  3.2717936e-001
  8.2148587e-001  3.2516096e-001
  8.2271396e-001  3.2314174e-001
  8.2394071e-001  3.2112171e-001
  8.2516612e-001  3.1910087e-001
  8.2639021e-001  3.1707922e-001
  8.2761297e-001  3.1505677e-001
  8.2883441e-001  3.1303352e-001
  8.3005453e-001  3.1100948e-001
  8.3127333e-001  3.0898464e-001
  8.3249083e-001  3.0695902e-001
  8.3370701e-001  3.0493261e-001
  8.3492190e-001  3.0290542e-001
  8.3613548e-001  3.0087745e-001
  8.3734777e-001  2.9884871e-001
  8.3855877e-001  2.9681919e-001
  8.3976847e-001  2.9478891e-001
  8.4097689e-001  2.9275786e-001
  8.4218404e-001  2.9072605e-001
  8.4338990e-001  2.8869348e-001
  8.4459449e-001  2.8666015e-001
  8.4579780e-001  2.8462608e-001
  8.4699985e-001  2.8259125e-001
  8.4820064e-001  2.8055568e-001
  8.4940016e-001  2.7851936e-001
  8.5059843e-001  2.7648230e-001
  8.5179545e-001  2.7444451e-001
  8.5299121e-001  2.7240599e-001
  8.5418573e-001  2.7036673e-001
  8.5537901e-001  2.6832675e-001
  8.5657105e-001  2.6628604e-001
  8.5776185e-001  2.6424461e-001
  8.5895142e-001  2.6220246e-001
  8.6013976e-001  2.6015960e-001
  8.6132687e-001  2.5811602e-001
  8.6251276e-001  2.5607173e-001
  8.6369743e-001  2.5402674e-001
  8.6488089e-001  2.5198104e-001
  8.6606313e-001  2.4993465e-001
  8.6724417e-001  2.4788755e-001
  8.6842400e-001  2.4583976e-001
  8.6960262e-001  2.4379128e-001
  8.7078005e-001  2.4174210e-001
  8.7195628e-001  2.3969224e-001
  8.7313132e-001  2.3764170e-001
  8.7430517e-001  2.3559048e-001
  8.7547783e-001  2.3353857e-001
  8.7664931e-001  2.3148599e-001
  8.7781960e-001  2.2943274e-001
  8.7898872e-001  2.2737882e-001
  8.8015667e-001  2.2532423e-001
  8.8132345e-001  2.2326897e-001
  8.8248906e-001  2.2121306e-001
  8.8365351e-001  2.1915648e-001
  8.8481679e-001  2.1709924e-001
  8.8597892e-001  2.1504135e-001
  8.8713989e-001  2.1298281e-001
  8.8829971e-001  2.1092362e-001
  8.8945838e-001  2.0886379e-001
  8.9061591e-001  2.0680331e-001
  8.9177229e-001  2.0474219e-001
  8.9292753e-001  2.0268042e-001
  8.9408164e-001  2.0061803e-001
  8.9523461e-001  1.9855500e-001
  8.9638645e-001  1.9649133e-001
  8.9753716e-001  1.9442704e-001
  8.9868675e-001  1.9236212e-001
  8.9983522e-001  1.9029658e-001
  9.0098257e-001  1.8823041e-001
  9.0212880e-001  1.8616363e-001
  9.0327392e-001  1.8409623e-001
  9.0441793e-001  1.8202822e-001
  9.0556083e-001  1.7995959e-001
  9.0670262e-001  1.7789035e-001
  9.0784332e-001  1.7582051e-001
  9.0898292e-001  1.7375006e-001
  9.1012142e-001  1.7167900e-001
  9.1125883e-001  1.6960735e-001
  9.1239514e-001  1.6753510e-001
  9.1353038e-001  1.6546225e-001
  9.1466452e-001  1.6338881e-001
  9.1579759e-001  1.6131478e-001
  9.1692957e-001  1.5924016e-001
  9.1806048e-001  1.5716495e-001
  9.1919032e-001  1.5508916e-001
  9.2031908e-001  1.5301278e-001
  9.2144678e-001  1.5093583e-001
  9.2257341e-001  1.4885830e-001
  9.2369898e-001  1.4678019e-001
  9.2482349e-001  1.4470151e-001
  9.2594695e-001  1.4262225e-001
  9.2706935e-001  1.4054243e-001
  9.2819069e-001  1.3846204e-001
  9.2931099e-001  1.3638108e-001
  9.3043024e-001  1.3429956e-001
  9.3154845e-001  1.3221748e-001
  9.3266562e-001  1.3013485e-001
  9.3378175e-001  1.2805165e-001
  9.3489684e-001  1.2596790e-001
  9.3601090e-001  1.2388360e-001
  9.3712393e-001  1.2179875e-001
  9.3823593e-001  1.1971335e-001
  9.3934690e-001  1.1762740e-001
  9.4045685e-001  1.1554091e-001
  9.4156579e-001  1.1345387e-001
  9.4267370e-001  1.1136630e-001
  9.4378060e-001  1.0927818e-001
  9.4488648e-001  1.0718953e-001
  9.4599136e-001  1.0510035e-001
  9.4709523e-001  1.0301063e-001
  9.4819809e-001  1.0092038e-001
  9.4929995e-001  9.8829605e-002
  9.5040081e-001  9.6738301e-002
  9.5150067e-001  9.4646473e-002
  9.5259954e-001  9.2554121e-002
  9.5369741e-001  9.0461248e-002
  9.5479429e-001  8.8367855e-002
  9.5589019e-001  8.6273946e-002
  9.5698510e-001  8.4179521e-002
  9.5807903e-001  8.2084582e-002
  9.5917197e-001  7.9989131e-002
  9.6026394e-001  7.7893170e-002
  9.6135493e-001  7.5796701e-002
  9.6244495e-001  7.3699726e-002
  9.6353399e-001  7.1602246e-002
  9.6462207e-001  6.9504263e-002
  9.6570918e-001  6.7405780e-002
  9.6679533e-001  6.5306797e-002
  9.6788051e-001  6.3207316e-002
  9.6896474e-001  6.1107340e-002
  9.7004800e-001  5.9006870e-002
  9.7113032e-001  5.6905908e-002
  9.7221168e-001  5.4804455e-002
  9.7329209e-001  5.2702514e-002
  9.7437155e-001  5.0600085e-002
  9.7545006e-001  4.8497171e-002
  9.7652764e-001  4.6393774e-002
  9.7760427e-001  4.4289894e-002
  9.7867996e-001  4.2185535e-002
  9.7975472e-001  4.0080696e-002
  9.8082854e-001  3.7975381e-002
  9.8190143e-001  3.5869591e-002
  9.8297338e-001  3.3763327e-002
  9.8404441e-001  3.1656590e-002
  9.8511452e-001  2.9549384e-002
  9.8618370e-001  2.7441709e-002
  9.8725196e-001  2.5333566e-002
  9.8831930e-001  2.3224959e-002
  9.8938573e-001  2.1115887e-002
  9.9045123e-001  1.9006353e-002
  9.9151583e-001  1.6896358e-002
  9.9257952e-001  1.4785904e-002
  9.9364229e-001  1.2674992e-002
  9.9470416e-001  1.0563625e-002
  9.9576513e-001  8.4518025e-003
  9.9682520e-001  6.3395275e-003
  9.9788436e-001  4.2268010e-003
  9.9894263e-001  2.1136247e-003
  1.0000000e+000  2.2204460e-016
