  0.0000000e+000  1.0000000e+000
  5.3230268e-005  9.9277871e-001
  1.1787170e-004  9.8916853e-001
  2.0917029e-004  9.8555893e-001
  3.2634511e-004  9.8195008e-001
  4.6886946e-004  9.7834214e-001
  6.3785999e-004  9.7473534e-001
  8.3235703e-004  9.7112983e-001
  1.0525838e-003  9.6752579e-001
  1.2977876e-003  9.6392337e-001
  1.5681826e-003  9.6032276e-001
  1.8634316e-003  9.5672409e-001
  2.1830967e-003  9.5312751e-001
  2.5268224e-003  9.4953315e-001
  2.8940646e-003  9.4594112e-001
  3.2845091e-003  9.4235153e-001
  3.6975242e-003  9.3876447e-001
  4.1325747e-003  9.3518002e-001
  4.5890811e-003  9.3159823e-001
  5.0662977e-003  9.2801915e-001
  5.5636416e-003  9.2444281e-001
  6.0803268e-003  9.2086921e-001
  6.6156419e-003  9.1729835e-001
  7.1688377e-003  9.1373022e-001
  7.7390985e-003  9.1016477e-001
  8.3256811e-003  9.0660197e-001
  8.9277804e-003  9.0304177e-001
  9.5446336e-003  8.9948409e-001
  1.0175466e-002  8.9592886e-001
  1.0819500e-002  8.9237600e-001
  1.1476030e-002  8.8882542e-001
  1.2144309e-002  8.8527704e-001
  1.2823668e-002  8.8173076e-001
  1.3513449e-002  8.7818650e-001
  1.4213015e-002  8.7464415e-001
  1.4921777e-002  8.7110364e-001
  1.5639191e-002  8.6756486e-001
  1.6364732e-002  8.6402774e-001
  1.7097923e-002  8.6049220e-001
  1.7838328e-002  8.5695817e-001
  1.8585554e-002  8.5342556e-001
  1.9339233e-002  8.4989433e-001
  2.0099051e-002  8.4636442e-001
  2.0864726e-002  8.4283577e-001
  2.1636019e-002  8.3930835e-001
  2.2412720e-002  8.3578211e-001
  2.3194665e-002  8.3225703e-001
  2.3981722e-002  8.2873309e-001
  2.4773795e-002  8.2521028e-001
  2.5570823e-002  8.2168858e-001
  2.6372778e-002  8.1816800e-001
  2.7179667e-002  8.1464854e-001
  2.7991527e-002  8.1113023e-001
  2.8808430e-002  8.0761309e-001
  2.9630484e-002  8.0409715e-001
  3.0457829e-002  8.0058245e-001
  3.1290631e-002  7.9706904e-001
  3.2129102e-002  7.9355698e-001
  3.2973478e-002  7.9004633e-001
  3.3824039e-002  7.8653718e-001
  3.4681096e-002  7.8302960e-001
  3.5545002e-002  7.7952371e-001
  3.6416159e-002  7.7601961e-001
  3.7294998e-002  7.7251744e-001
  3.8182011e-002  7.6901732e-001
  3.9077731e-002  7.6551942e-001
  3.9982765e-002  7.6202392e-001
  4.0897768e-002  7.5853102e-001
  4.1823470e-002  7.5504093e-001
  4.2760674e-002  7.5155392e-001
  4.3710275e-002  7.4807026e-001
  4.4673265e-002  7.4459029e-001
  4.5650755e-002  7.4111435e-001
  4.6643973e-002  7.3764288e-001
  4.7654313e-002  7.3417635e-001
  4.8683330e-002  7.3071533e-001
  4.9732796e-002  7.2726045e-001
  5.0804730e-002  7.2381247e-001
  5.1901430e-002  7.2037230e-001
  5.3025571e-002  7.1694099e-001
  5.4180230e-002  7.1351984e-001
  5.5369070e-002  7.1011042e-001
  5.6596361e-002  7.0671466e-001
  5.7867305e-002  7.0333499e-001
  5.9188129e-002  6.9997452e-001
  6.0566571e-002  6.9663729e-001
  6.2012268e-002  6.9332865e-001
  6.3537557e-002  6.9005599e-001
  6.5158523e-002  6.8682970e-001
  6.6896660e-002  6.8366511e-001
  6.8781505e-002  6.8058584e-001
  7.0854780e-002  6.7763061e-001
  7.3176389e-002  6.7486726e-001
  7.5829902e-002  6.7242391e-001
  7.8906774e-002  6.7055160e-001
  8.2987761e-002  6.6965237e-001
  1.8230536e-001  6.6923067e-001
  1.8354801e-001  6.6227480e-001
  1.8416883e-001  6.5871781e-001
  1.8478077e-001  6.5515928e-001
  1.8538434e-001  6.5159932e-001
  1.8598001e-001  6.4803803e-001
  1.8656821e-001  6.4447550e-001
  1.8714932e-001  6.4091180e-001
  1.8772373e-001  6.3734702e-001
  1.8829177e-001  6.3378122e-001
  1.8885377e-001  6.3021446e-001
  1.8941003e-001  6.2664680e-001
  1.8996085e-001  6.2307830e-001
  1.9050648e-001  6.1950900e-001
  1.9104719e-001  6.1593895e-001
  1.9158320e-001  6.1236819e-001
  1.9211477e-001  6.0879677e-001
  1.9264208e-001  6.0522472e-001
  1.9316535e-001  6.0165207e-001
  1.9368478e-001  5.9807886e-001
  1.9420053e-001  5.9450512e-001
  1.9471281e-001  5.9093088e-001
  1.9522178e-001  5.8735617e-001
  1.9572758e-001  5.8378101e-001
  1.9623039e-001  5.8020543e-001
  1.9673036e-001  5.7662944e-001
  1.9722761e-001  5.7305308e-001
  1.9772230e-001  5.6947637e-001
  1.9821456e-001  5.6589932e-001
  1.9870452e-001  5.6232195e-001
  1.9919229e-001  5.5874428e-001
  1.9967802e-001  5.5516634e-001
  2.0016179e-001  5.5158813e-001
  2.0064375e-001  5.4800967e-001
  2.0112400e-001  5.4443099e-001
  2.0160264e-001  5.4085209e-001
  2.0207978e-001  5.3727299e-001
  2.0255553e-001  5.3369371e-001
  2.0302999e-001  5.3011425e-001
  2.0350326e-001  5.2653464e-001
  2.0397543e-001  5.2295488e-001
  2.0444661e-001  5.1937499e-001
  2.0491690e-001  5.1579498e-001
  2.0538637e-001  5.1221487e-001
  2.0585513e-001  5.0863466e-001
  2.0632328e-001  5.0505437e-001
  2.0679089e-001  5.0147402e-001
  2.0725807e-001  4.9789360e-001
  2.0772491e-001  4.9431314e-001
  2.0819149e-001  4.9073265e-001
  2.0865791e-001  4.8715214e-001
  2.0912426e-001  4.8357162e-001
  2.0959063e-001  4.7999110e-001
  2.1005711e-001  4.7641059e-001
  2.1052379e-001  4.7283012e-001
  2.1099077e-001  4.6924968e-001
  2.1145814e-001  4.6566929e-001
  2.1192599e-001  4.6208896e-001
  2.1239443e-001  4.5850871e-001
  2.1286355e-001  4.5492855e-001
  2.1333344e-001  4.5134849e-001
  2.1380421e-001  4.4776855e-001
  2.1427597e-001  4.4418874e-001
  2.1474881e-001  4.4060907e-001
  2.1522285e-001  4.3702956e-001
  2.1569820e-001  4.3345022e-001
  2.1617496e-001  4.2987107e-001
  2.1665326e-001  4.2629212e-001
  2.1713322e-001  4.2271340e-001
  2.1761497e-001  4.1913492e-001
  2.1809861e-001  4.1555669e-001
  2.1858431e-001  4.1197874e-001
  2.1907219e-001  4.0840109e-001
  2.1956239e-001  4.0482376e-001
  2.2005508e-001  4.0124676e-001
  2.2055039e-001  3.9767013e-001
  2.2104851e-001  3.9409389e-001
  2.2154958e-001  3.9051806e-001
  2.2205381e-001  3.8694268e-001
  2.2256138e-001  3.8336777e-001
  2.2307249e-001  3.7979336e-001
  2.2358734e-001  3.7621949e-001
  2.2410617e-001  3.7264620e-001
  2.2462921e-001  3.6907352e-001
  2.2515671e-001  3.6550149e-001
  2.2568894e-001  3.6193017e-001
  2.2622619e-001  3.5835960e-001
  2.2676875e-001  3.5478983e-001
  2.2731696e-001  3.5122093e-001
  2.2787118e-001  3.4765295e-001
  2.2843179e-001  3.4408597e-001
  2.2899920e-001  3.4052007e-001
  2.2957386e-001  3.3695533e-001
  2.3015625e-001  3.3339184e-001
  2.3074692e-001  3.2982972e-001
  2.3134644e-001  3.2626908e-001
  2.3195548e-001  3.2271005e-001
  2.3257471e-001  3.1915278e-001
  2.3320497e-001  3.1559745e-001
  2.3384713e-001  3.1204425e-001
  2.3450217e-001  3.0849340e-001
  2.3517121e-001  3.0494516e-001
  2.3585555e-001  3.0139984e-001
  2.3655663e-001  2.9785780e-001
  2.3727614e-001  2.9431945e-001
  2.3801604e-001  2.9078532e-001
  2.3877862e-001  2.8725600e-001
  2.3956661e-001  2.8373228e-001
  2.4038328e-001  2.8021510e-001
  2.4123267e-001  2.7670567e-001
  2.4211970e-001  2.7320558e-001
  2.4305070e-001  2.6971694e-001
  2.4403381e-001  2.6624263e-001
  2.4507983e-001  2.6278676e-001
  2.4620390e-001  2.5935552e-001
  2.4742772e-001  2.5595866e-001
  2.4878488e-001  2.5261301e-001
  2.5033136e-001  2.4935101e-001
  2.5217218e-001  2.4624730e-001
  2.5776073e-001  2.4216109e-001
  4.0939408e-001  2.4108532e-001
  4.0988384e-001  2.3454064e-001
  4.1015378e-001  2.3093998e-001
  4.1042409e-001  2.2733935e-001
  4.1069480e-001  2.2373874e-001
  4.1096591e-001  2.2013817e-001
  4.1123747e-001  2.1653763e-001
  4.1150948e-001  2.1293713e-001
  4.1178196e-001  2.0933666e-001
  4.1205495e-001  2.0573623e-001
  4.1232846e-001  2.0213584e-001
  4.1260252e-001  1.9853549e-001
  4.1287715e-001  1.9493519e-001
  4.1315237e-001  1.9133493e-001
  4.1342821e-001  1.8773472e-001
  4.1370470e-001  1.8413455e-001
  4.1398186e-001  1.8053444e-001
  4.1425971e-001  1.7693438e-001
  4.1453828e-001  1.7333438e-001
  4.1481760e-001  1.6973444e-001
  4.1509770e-001  1.6613455e-001
  4.1537860e-001  1.6253473e-001
  4.1566034e-001  1.5893498e-001
  4.1594294e-001  1.5533529e-001
  4.1622644e-001  1.5173567e-001
  4.1651086e-001  1.4813613e-001
  4.1679625e-001  1.4453666e-001
  4.1708262e-001  1.4093727e-001
  4.1737002e-001  1.3733796e-001
  4.1765848e-001  1.3373874e-001
  4.1794804e-001  1.3013960e-001
  4.1823873e-001  1.2654056e-001
  4.1853060e-001  1.2294161e-001
  4.1882368e-001  1.1934276e-001
  4.1911801e-001  1.1574401e-001
  4.1941364e-001  1.1214537e-001
  4.1971060e-001  1.0854684e-001
  4.2000895e-001  1.0494842e-001
  4.2030874e-001  1.0135012e-001
  4.2061000e-001  9.7751948e-002
  4.2091279e-001  9.4153901e-002
  4.2121716e-001  9.0555989e-002
  4.2152317e-001  8.6958215e-002
  4.2183087e-001  8.3360586e-002
  4.2214032e-001  7.9763106e-002
  4.2245159e-001  7.6165783e-002
  4.2276473e-001  7.2568623e-002
  4.2307981e-001  6.8971632e-002
  4.2339691e-001  6.5374819e-002
  4.2371608e-001  6.1778189e-002
  4.2403742e-001  5.8181752e-002
  4.2436099e-001  5.4585515e-002
  4.2468689e-001  5.0989489e-002
  4.2501519e-001  4.7393680e-002
  4.2534599e-001  4.3798101e-002
  4.2567939e-001  4.0202762e-002
  4.2601549e-001  3.6607674e-002
  4.2635438e-001  3.3012849e-002
  4.2669620e-001  2.9418301e-002
  4.2704106e-001  2.5824043e-002
  4.2738907e-001  2.2230089e-002
  4.2774038e-001  1.8636456e-002
  4.2809514e-001  1.5043162e-002
  4.2845348e-001  1.1450223e-002
  4.2881557e-001  7.8576602e-003
  4.2918159e-001  4.2654958e-003
  4.2955170e-001  6.7374985e-004
  4.2992612e-001 -2.9175488e-003
  4.3030505e-001 -6.5083741e-003
  4.3068872e-001 -1.0098696e-002
  4.3107739e-001 -1.3688481e-002
  4.3147130e-001 -1.7277694e-002
  4.3187073e-001 -2.0866297e-002
  4.3227599e-001 -2.4454246e-002
  4.3268747e-001 -2.8041487e-002
  4.3310548e-001 -3.1627974e-002
  4.3353044e-001 -3.5213643e-002
  4.3396280e-001 -3.8798427e-002
  4.3440308e-001 -4.2382247e-002
  4.3485178e-001 -4.5965022e-002
  4.3530950e-001 -4.9546656e-002
  4.3577696e-001 -5.3127032e-002
  4.3625492e-001 -5.6706020e-002
  4.3674421e-001 -6.0283478e-002
  4.3724584e-001 -6.3859226e-002
  4.3776095e-001 -6.7433056e-002
  4.3829079e-001 -7.1004732e-002
  4.3883693e-001 -7.4573951e-002
  4.3940116e-001 -7.8140354e-002
  4.3998557e-001 -8.1703504e-002
  4.4059277e-001 -8.5262842e-002
  4.4122590e-001 -8.8817655e-002
  4.4188889e-001 -9.2367017e-002
  4.4258670e-001 -9.5909694e-002
  4.4332595e-001 -9.9443947e-002
  4.4411537e-001 -1.0296732e-001
  4.4496733e-001 -1.0647607e-001
  4.4590019e-001 -1.0996414e-001
  4.4694287e-001 -1.1342086e-001
  4.4814657e-001 -1.1682453e-001
  4.4961748e-001 -1.2012018e-001
  4.5386631e-001 -1.2421839e-001
  6.1844827e-001 -1.2511655e-001
  6.1883200e-001 -1.3178769e-001
  6.1904036e-001 -1.3539243e-001
  6.1924947e-001 -1.3899714e-001
  6.1945933e-001 -1.4260180e-001
  6.1966996e-001 -1.4620641e-001
  6.1988137e-001 -1.4981098e-001
  6.2009359e-001 -1.5341550e-001
  6.2030664e-001 -1.5701998e-001
  6.2052054e-001 -1.6062440e-001
  6.2073530e-001 -1.6422877e-001
  6.2095095e-001 -1.6783309e-001
  6.2116752e-001 -1.7143736e-001
  6.2138500e-001 -1.7504156e-001
  6.2160344e-001 -1.7864571e-001
  6.2182286e-001 -1.8224981e-001
  6.2204328e-001 -1.8585384e-001
  6.2226473e-001 -1.8945780e-001
  6.2248723e-001 -1.9306171e-001
  6.2271080e-001 -1.9666554e-001
  6.2293549e-001 -2.0026931e-001
  6.2316130e-001 -2.0387300e-001
  6.2338828e-001 -2.0747663e-001
  6.2361646e-001 -2.1108017e-001
  6.2384585e-001 -2.1468364e-001
  6.2407650e-001 -2.1828703e-001
  6.2430845e-001 -2.2189034e-001
  6.2454172e-001 -2.2549356e-001
  6.2477636e-001 -2.2909669e-001
  6.2501239e-001 -2.3269974e-001
  6.2524987e-001 -2.3630268e-001
  6.2548882e-001 -2.3990553e-001
  6.2572930e-001 -2.4350828e-001
  6.2597134e-001 -2.4711092e-001
  6.2621499e-001 -2.5071346e-001
  6.2646032e-001 -2.5431588e-001
  6.2670734e-001 -2.5791818e-001
  6.2695612e-001 -2.6152036e-001
  6.2720673e-001 -2.6512242e-001
  6.2745922e-001 -2.6872435e-001
  6.2771363e-001 -2.7232614e-001
  6.2797005e-001 -2.7592778e-001
  6.2822851e-001 -2.7952929e-001
  6.2848913e-001 -2.8313063e-001
  6.2875194e-001 -2.8673182e-001
  6.2901702e-001 -2.9033284e-001
  6.2928447e-001 -2.9393369e-001
  6.2955436e-001 -2.9753435e-001
  6.2982679e-001 -3.0113482e-001
  6.3010185e-001 -3.0473509e-001
  6.3037965e-001 -3.0833516e-001
  6.3066027e-001 -3.1193500e-001
  6.3094384e-001 -3.1553461e-001
  6.3123049e-001 -3.1913398e-001
  6.3152032e-001 -3.2273309e-001
  6.3181350e-001 -3.2633193e-001
  6.3211014e-001 -3.2993049e-001
  6.3241042e-001 -3.3352875e-001
  6.3271449e-001 -3.3712669e-001
  6.3302254e-001 -3.4072429e-001
  6.3333476e-001 -3.4432153e-001
  6.3365137e-001 -3.4791838e-001
  6.3397257e-001 -3.5151483e-001
  6.3429861e-001 -3.5511084e-001
  6.3462976e-001 -3.5870639e-001
  6.3496631e-001 -3.6230144e-001
  6.3530858e-001 -3.6589594e-001
  6.3565691e-001 -3.6948986e-001
  6.3601167e-001 -3.7308316e-001
  6.3637330e-001 -3.7667577e-001
  6.3674226e-001 -3.8026763e-001
  6.3711908e-001 -3.8385868e-001
  6.3750432e-001 -3.8744883e-001
  6.3789865e-001 -3.9103800e-001
  6.3830285e-001 -3.9462607e-001
  6.3871771e-001 -3.9821292e-001
  6.3914425e-001 -4.0179840e-001
  6.3958361e-001 -4.0538233e-001
  6.4003708e-001 -4.0896450e-001
  6.4050626e-001 -4.1254465e-001
  6.4099299e-001 -4.1612245e-001
  6.4149958e-001 -4.1969750e-001
  6.4202880e-001 -4.2326926e-001
  6.4258412e-001 -4.2683706e-001
  6.4317008e-001 -4.3039995e-001
  6.4379260e-001 -4.3395662e-001
  6.4445978e-001 -4.3750518e-001
  6.4518310e-001 -4.4104271e-001
  6.4598008e-001 -4.4456433e-001
  6.4687934e-001 -4.4806113e-001
  6.4793425e-001 -4.5151384e-001
  6.4926769e-001 -4.5486716e-001
  6.5249685e-001 -4.5826325e-001
  8.2341619e-001 -4.5998668e-001
  8.2372227e-001 -4.6620764e-001
  8.2390079e-001 -4.6981399e-001
  8.2408013e-001 -4.7342030e-001
  8.2426026e-001 -4.7702656e-001
  8.2444124e-001 -4.8063279e-001
  8.2462310e-001 -4.8423897e-001
  8.2480582e-001 -4.8784511e-001
  8.2498944e-001 -4.9145120e-001
  8.2517398e-001 -4.9505725e-001
  8.2535946e-001 -4.9866324e-001
  8.2554589e-001 -5.0226919e-001
  8.2573330e-001 -5.0587509e-001
  8.2592172e-001 -5.0948093e-001
  8.2611116e-001 -5.1308673e-001
  8.2630164e-001 -5.1669246e-001
  8.2649321e-001 -5.2029814e-001
  8.2668589e-001 -5.2390376e-001
  8.2687967e-001 -5.2750932e-001
  8.2707463e-001 -5.3111482e-001
  8.2727076e-001 -5.3472025e-001
  8.2746811e-001 -5.3832562e-001
  8.2766670e-001 -5.4193092e-001
  8.2786657e-001 -5.4553615e-001
  8.2806775e-001 -5.4914130e-001
  8.2827027e-001 -5.5274638e-001
  8.2847418e-001 -5.5635138e-001
  8.2867950e-001 -5.5995631e-001
  8.2888627e-001 -5.6356114e-001
  8.2909455e-001 -5.6716590e-001
  8.2930437e-001 -5.7077056e-001
  8.2951576e-001 -5.7437513e-001
  8.2972880e-001 -5.7797960e-001
  8.2994353e-001 -5.8158398e-001
  8.3015997e-001 -5.8518825e-001
  8.3037821e-001 -5.8879241e-001
  8.3059826e-001 -5.9239646e-001
  8.3082024e-001 -5.9600040e-001
  8.3104417e-001 -5.9960421e-001
  8.3127013e-001 -6.0320790e-001
  8.3149818e-001 -6.0681145e-001
  8.3172841e-001 -6.1041487e-001
  8.3196087e-001 -6.1401814e-001
  8.3219566e-001 -6.1762127e-001
  8.3243286e-001 -6.2122423e-001
  8.3267257e-001 -6.2482703e-001
  8.3291486e-001 -6.2842966e-001
  8.3315983e-001 -6.3203210e-001
  8.3340762e-001 -6.3563435e-001
  8.3365833e-001 -6.3923640e-001
  8.3391209e-001 -6.4283824e-001
  8.3416902e-001 -6.4643985e-001
  8.3442926e-001 -6.5004122e-001
  8.3469296e-001 -6.5364235e-001
  8.3496031e-001 -6.5724320e-001
  8.3523144e-001 -6.6084377e-001
  8.3550656e-001 -6.6444404e-001
  8.3578589e-001 -6.6804398e-001
  8.3606964e-001 -6.7164358e-001
  8.3635803e-001 -6.7524281e-001
  8.3665135e-001 -6.7884164e-001
  8.3694989e-001 -6.8244004e-001
  8.3725398e-001 -6.8603797e-001
  8.3756392e-001 -6.8963541e-001
  8.3788019e-001 -6.9323230e-001
  8.3820309e-001 -6.9682859e-001
  8.3853321e-001 -7.0042423e-001
  8.3887109e-001 -7.0401915e-001
  8.3921727e-001 -7.0761328e-001
  8.3957253e-001 -7.1120653e-001
  8.3993760e-001 -7.1479879e-001
  8.4031345e-001 -7.1838994e-001
  8.4070114e-001 -7.2197982e-001
  8.4110195e-001 -7.2556827e-001
  8.4151735e-001 -7.2915506e-001
  8.4194914e-001 -7.3273991e-001
  8.4239954e-001 -7.3632247e-001
  8.4287130e-001 -7.3990227e-001
  8.4336791e-001 -7.4347872e-001
  8.4389384e-001 -7.4705096e-001
  8.4445520e-001 -7.5061780e-001
  8.4506043e-001 -7.5417745e-001
  8.4572208e-001 -7.5772703e-001
  8.4645962e-001 -7.6126156e-001
  8.4730753e-001 -7.6477113e-001
  8.4833695e-001 -7.6823127e-001
  8.5176015e-001 -7.7336678e-001
