  0.0000000e+000  1.0000000e+000
  5.9038263e-003  9.9996514e-001
  8.8554823e-003  9.9992158e-001
  1.1806830e-002  9.9986060e-001
  1.4757766e-002  9.9978221e-001
  1.7708189e-002  9.9968642e-001
  2.0657997e-002  9.9957325e-001
  2.3607086e-002  9.9944271e-001
  2.6555357e-002  9.9929481e-001
  2.9502707e-002  9.9912959e-001
  3.2449036e-002  9.9894706e-001
  3.5394243e-002  9.9874725e-001
  3.8338229e-002  9.9853018e-001
  4.1280894e-002  9.9829589e-001
  4.4222140e-002  9.9804440e-001
  4.7161868e-002  9.9777576e-001
  5.0099981e-002  9.9748999e-001
  5.3036383e-002  9.9718714e-001
  5.5970977e-002  9.9686725e-001
  5.8903667e-002  9.9653036e-001
  6.1834361e-002  9.9617651e-001
  6.4762964e-002  9.9580576e-001
  6.7689383e-002  9.9541815e-001
  7.0613527e-002  9.9501373e-001
  7.3535305e-002  9.9459256e-001
  7.6454628e-002  9.9415469e-001
  7.9371406e-002  9.9370018e-001
  8.2285551e-002  9.9322909e-001
  8.5196978e-002  9.9274147e-001
  8.8105601e-002  9.9223740e-001
  9.1011334e-002  9.9171694e-001
  9.3914096e-002  9.9118014e-001
  9.6813804e-002  9.9062709e-001
  9.9710376e-002  9.9005784e-001
  1.0260373e-001  9.8947247e-001
  1.0549380e-001  9.8887106e-001
  1.0838049e-001  9.8825367e-001
  1.1126374e-001  9.8762038e-001
  1.1414347e-001  9.8697127e-001
  1.1701960e-001  9.8630641e-001
  1.1989207e-001  9.8562589e-001
  1.2276080e-001  9.8492979e-001
  1.2562572e-001  9.8421818e-001
  1.2848677e-001  9.8349115e-001
  1.3134388e-001  9.8274878e-001
  1.3419698e-001  9.8199117e-001
  1.3704602e-001  9.8121839e-001
  1.3989092e-001  9.8043053e-001
  1.4273162e-001  9.7962768e-001
  1.4556807e-001  9.7880994e-001
  1.4840022e-001  9.7797738e-001
  1.5122799e-001  9.7713010e-001
  1.5405133e-001  9.7626819e-001
  1.5687020e-001  9.7539174e-001
  1.5968454e-001  9.7450085e-001
  1.6249429e-001  9.7359560e-001
  1.6529941e-001  9.7267610e-001
  1.6809985e-001  9.7174244e-001
  1.7089556e-001  9.7079471e-001
  1.7368649e-001  9.6983300e-001
  1.7647260e-001  9.6885742e-001
  1.7925385e-001  9.6786806e-001
  1.8203019e-001  9.6686501e-001
  1.8480158e-001  9.6584837e-001
  1.8756799e-001  9.6481825e-001
  1.9032938e-001  9.6377473e-001
  1.9308570e-001  9.6271791e-001
  1.9583693e-001  9.6164790e-001
  1.9858302e-001  9.6056478e-001
  2.0132396e-001  9.5946866e-001
  2.0405969e-001  9.5835964e-001
  2.0679020e-001  9.5723781e-001
  2.0951545e-001  9.5610327e-001
  2.1223542e-001  9.5495613e-001
  2.1495008e-001  9.5379646e-001
  2.1765940e-001  9.5262439e-001
  2.2036336e-001  9.5143999e-001
  2.2306193e-001  9.5024337e-001
  2.2575509e-001  9.4903464e-001
  2.2844283e-001  9.4781387e-001
  2.3112511e-001  9.4658118e-001
  2.3380193e-001  9.4533666e-001
  2.3647326e-001  9.4408040e-001
  2.3913908e-001  9.4281250e-001
  2.4179938e-001  9.4153306e-001
  2.4445415e-001  9.4024217e-001
  2.4710337e-001  9.3893993e-001
  2.4974702e-001  9.3762643e-001
  2.5238510e-001  9.3630176e-001
  2.5501759e-001  9.3496603e-001
  2.5764448e-001  9.3361932e-001
  2.6026576e-001  9.3226173e-001
  2.6288143e-001  9.3089335e-001
  2.6549148e-001  9.2951428e-001
  2.6809589e-001  9.2812459e-001
  2.7069467e-001  9.2672440e-001
  2.7328780e-001  9.2531378e-001
  2.7587528e-001  9.2389283e-001
  2.7845712e-001  9.2246163e-001
  2.8103330e-001  9.2102029e-001
  2.8360382e-001  9.1956887e-001
  2.8616869e-001  9.1810748e-001
  2.8872789e-001  9.1663621e-001
  2.9128143e-001  9.1515513e-001
  2.9382932e-001  9.1366433e-001
  2.9637154e-001  9.1216391e-001
  2.9890811e-001  9.1065394e-001
  3.0143903e-001  9.0913451e-001
  3.0396429e-001  9.0760571e-001
  3.0648390e-001  9.0606762e-001
  3.0899787e-001  9.0452031e-001
  3.1150620e-001  9.0296389e-001
  3.1400890e-001  9.0139841e-001
  3.1650596e-001  8.9982397e-001
  3.1899741e-001  8.9824065e-001
  3.2148323e-001  8.9664853e-001
  3.2396345e-001  8.9504768e-001
  3.2643806e-001  8.9343819e-001
  3.2890708e-001  8.9182013e-001
  3.3137052e-001  8.9019358e-001
  3.3382838e-001  8.8855861e-001
  3.3628067e-001  8.8691531e-001
  3.3872741e-001  8.8526374e-001
  3.4116860e-001  8.8360399e-001
  3.4360425e-001  8.8193612e-001
  3.4603438e-001  8.8026021e-001
  3.4845899e-001  8.7857633e-001
  3.5087810e-001  8.7688456e-001
  3.5329172e-001  8.7518496e-001
  3.5569986e-001  8.7347761e-001
  3.5810253e-001  8.7176258e-001
  3.6049975e-001  8.7003993e-001
  3.6289154e-001  8.6830973e-001
  3.6527789e-001  8.6657206e-001
  3.6765883e-001  8.6482698e-001
  3.7003438e-001  8.6307456e-001
  3.7240454e-001  8.6131486e-001
  3.7476932e-001  8.5954795e-001
  3.7712876e-001  8.5777390e-001
  3.7948285e-001  8.5599277e-001
  3.8183162e-001  8.5420462e-001
  3.8417507e-001  8.5240951e-001
  3.8651324e-001  8.5060752e-001
  3.8884612e-001  8.4879869e-001
  3.9117374e-001  8.4698310e-001
  3.9349612e-001  8.4516081e-001
  3.9581326e-001  8.4333186e-001
  3.9812519e-001  8.4149633e-001
  4.0043192e-001  8.3965428e-001
  4.0273347e-001  8.3780575e-001
  4.0502986e-001  8.3595081e-001
  4.0732110e-001  8.3408952e-001
  4.0960721e-001  8.3222193e-001
  4.1188821e-001  8.3034810e-001
  4.1416411e-001  8.2846809e-001
  4.1643494e-001  8.2658194e-001
  4.1870071e-001  8.2468972e-001
  4.2096143e-001  8.2279148e-001
  4.2321712e-001  8.2088727e-001
  4.2546781e-001  8.1897714e-001
  4.2771352e-001  8.1706115e-001
  4.2995425e-001  8.1513935e-001
  4.3219002e-001  8.1321178e-001
  4.3442086e-001  8.1127851e-001
  4.3664679e-001  8.0933958e-001
  4.3886781e-001  8.0739504e-001
  4.4108396e-001  8.0544494e-001
  4.4329524e-001  8.0348933e-001
  4.4550168e-001  8.0152825e-001
  4.4770329e-001  7.9956176e-001
  4.4990010e-001  7.9758990e-001
  4.5209212e-001  7.9561272e-001
  4.5427936e-001  7.9363026e-001
  4.5646186e-001  7.9164257e-001
  4.5863962e-001  7.8964970e-001
  4.6081267e-001  7.8765168e-001
  4.6298102e-001  7.8564857e-001
  4.6514469e-001  7.8364041e-001
  4.6730371e-001  7.8162724e-001
  4.6945808e-001  7.7960911e-001
  4.7160783e-001  7.7758605e-001
  4.7375298e-001  7.7555811e-001
  4.7589354e-001  7.7352534e-001
  4.7802954e-001  7.7148776e-001
  4.8016099e-001  7.6944543e-001
  4.8228790e-001  7.6739838e-001
  4.8441031e-001  7.6534665e-001
  4.8652822e-001  7.6329029e-001
  4.8864166e-001  7.6122932e-001
  4.9075065e-001  7.5916380e-001
  4.9285519e-001  7.5709376e-001
  4.9495532e-001  7.5501923e-001
  4.9705104e-001  7.5294026e-001
  4.9914239e-001  7.5085688e-001
  5.0122937e-001  7.4876912e-001
  5.0331200e-001  7.4667703e-001
  5.0539030e-001  7.4458064e-001
  5.0746429e-001  7.4247999e-001
  5.0953399e-001  7.4037511e-001
  5.1159942e-001  7.3826603e-001
  5.1366059e-001  7.3615280e-001
  5.1571753e-001  7.3403543e-001
  5.1777024e-001  7.3191398e-001
  5.1981875e-001  7.2978847e-001
  5.2186307e-001  7.2765893e-001
  5.2390323e-001  7.2552540e-001
  5.2593924e-001  7.2338791e-001
  5.2797112e-001  7.2124650e-001
  5.2999888e-001  7.1910118e-001
  5.3202255e-001  7.1695201e-001
  5.3404214e-001  7.1479899e-001
  5.3605766e-001  7.1264218e-001
  5.3806915e-001  7.1048159e-001
  5.4007660e-001  7.0831726e-001
  5.4208005e-001  7.0614922e-001
  5.4407950e-001  7.0397750e-001
  5.4607497e-001  7.0180212e-001
  5.4806649e-001  6.9962312e-001
  5.5005407e-001  6.9744052e-001
  5.5203772e-001  6.9525436e-001
  5.5401746e-001  6.9306465e-001
  5.5599332e-001  6.9087143e-001
  5.5796529e-001  6.8867473e-001
  5.5993341e-001  6.8647457e-001
  5.6189769e-001  6.8427098e-001
  5.6385815e-001  6.8206399e-001
  5.6581479e-001  6.7985362e-001
  5.6776764e-001  6.7763990e-001
  5.6971672e-001  6.7542286e-001
  5.7166204e-001  6.7320251e-001
  5.7360361e-001  6.7097889e-001
  5.7554146e-001  6.6875202e-001
  5.7747560e-001  6.6652193e-001
  5.7940604e-001  6.6428864e-001
  5.8133280e-001  6.6205217e-001
  5.8325590e-001  6.5981256e-001
  5.8517535e-001  6.5756981e-001
  5.8709117e-001  6.5532396e-001
  5.8900337e-001  6.5307503e-001
  5.9091197e-001  6.5082305e-001
  5.9281698e-001  6.4856803e-001
  5.9471842e-001  6.4630999e-001
  5.9661631e-001  6.4404897e-001
  5.9851066e-001  6.4178499e-001
  6.0040149e-001  6.3951806e-001
  6.0228880e-001  6.3724820e-001
  6.0417262e-001  6.3497545e-001
  6.0605296e-001  6.3269981e-001
  6.0792983e-001  6.3042132e-001
  6.0980326e-001  6.2813998e-001
  6.1167325e-001  6.2585584e-001
  6.1353982e-001  6.2356889e-001
  6.1540298e-001  6.2127917e-001
  6.1726275e-001  6.1898670e-001
  6.1911915e-001  6.1669148e-001
  6.2097218e-001  6.1439356e-001
  6.2282186e-001  6.1209293e-001
  6.2466821e-001  6.0978963e-001
  6.2651123e-001  6.0748367e-001
  6.2835096e-001  6.0517508e-001
  6.3018739e-001  6.0286386e-001
  6.3202054e-001  6.0055004e-001
  6.3385042e-001  5.9823364e-001
  6.3567706e-001  5.9591468e-001
  6.3750046e-001  5.9359317e-001
  6.3932063e-001  5.9126913e-001
  6.4113760e-001  5.8894258e-001
  6.4295137e-001  5.8661354e-001
  6.4476196e-001  5.8428202e-001
  6.4656937e-001  5.8194805e-001
  6.4837363e-001  5.7961163e-001
  6.5017475e-001  5.7727279e-001
  6.5197274e-001  5.7493155e-001
  6.5376761e-001  5.7258791e-001
  6.5555938e-001  5.7024190e-001
  6.5734806e-001  5.6789353e-001
  6.5913366e-001  5.6554282e-001
  6.6091619e-001  5.6318979e-001
  6.6269567e-001  5.6083445e-001
  6.6447211e-001  5.5847681e-001
  6.6624553e-001  5.5611690e-001
  6.6801593e-001  5.5375472e-001
  6.6978333e-001  5.5139030e-001
  6.7154773e-001  5.4902364e-001
  6.7330917e-001  5.4665477e-001
  6.7506763e-001  5.4428369e-001
  6.7682314e-001  5.4191043e-001
  6.7857572e-001  5.3953500e-001
  6.8032536e-001  5.3715741e-001
  6.8207209e-001  5.3477767e-001
  6.8381591e-001  5.3239581e-001
  6.8555684e-001  5.3001182e-001
  6.8729488e-001  5.2762574e-001
  6.8903006e-001  5.2523757e-001
  6.9076238e-001  5.2284733e-001
  6.9249186e-001  5.2045503e-001
  6.9421850e-001  5.1806068e-001
  6.9594231e-001  5.1566430e-001
  6.9766332e-001  5.1326589e-001
  6.9938152e-001  5.1086548e-001
  7.0109694e-001  5.0846308e-001
  7.0280958e-001  5.0605870e-001
  7.0451945e-001  5.0365234e-001
  7.0622657e-001  5.0124403e-001
  7.0793094e-001  4.9883378e-001
  7.0963258e-001  4.9642160e-001
  7.1133150e-001  4.9400750e-001
  7.1302770e-001  4.9159150e-001
  7.1472121e-001  4.8917360e-001
  7.1641202e-001  4.8675382e-001
  7.1810016e-001  4.8433217e-001
  7.1978562e-001  4.8190866e-001
  7.2146843e-001  4.7948330e-001
  7.2314859e-001  4.7705611e-001
  7.2482612e-001  4.7462710e-001
  7.2650102e-001  4.7219627e-001
  7.2817330e-001  4.6976365e-001
  7.2984297e-001  4.6732923e-001
  7.3151006e-001  4.6489304e-001
  7.3317455e-001  4.6245508e-001
  7.3483647e-001  4.6001536e-001
  7.3649583e-001  4.5757390e-001
  7.3815262e-001  4.5513070e-001
  7.3980688e-001  4.5268578e-001
  7.4145860e-001  4.5023915e-001
  7.4310779e-001  4.4779081e-001
  7.4475447e-001  4.4534078e-001
  7.4639864e-001  4.4288907e-001
  7.4804032e-001  4.4043568e-001
  7.4967951e-001  4.3798064e-001
  7.5131622e-001  4.3552394e-001
  7.5295047e-001  4.3306560e-001
  7.5458225e-001  4.3060562e-001
  7.5621159e-001  4.2814403e-001
  7.5783849e-001  4.2568082e-001
  7.5946296e-001  4.2321601e-001
  7.6108501e-001  4.2074961e-001
  7.6270465e-001  4.1828162e-001
  7.6432189e-001  4.1581205e-001
  7.6593673e-001  4.1334093e-001
  7.6754919e-001  4.1086824e-001
  7.6915927e-001  4.0839401e-001
  7.7076699e-001  4.0591824e-001
  7.7237236e-001  4.0344094e-001
  7.7397537e-001  4.0096212e-001
  7.7557605e-001  3.9848180e-001
  7.7717439e-001  3.9599996e-001
  7.7877042e-001  3.9351664e-001
  7.8036413e-001  3.9103183e-001
  7.8195553e-001  3.8854554e-001
  7.8354465e-001  3.8605779e-001
  7.8513147e-001  3.8356857e-001
  7.8671602e-001  3.8107791e-001
  7.8829829e-001  3.7858580e-001
  7.8987831e-001  3.7609226e-001
  7.9145607e-001  3.7359729e-001
  7.9303158e-001  3.7110091e-001
  7.9460486e-001  3.6860311e-001
  7.9617591e-001  3.6610391e-001
  7.9774475e-001  3.6360332e-001
  7.9931137e-001  3.6110134e-001
  8.0087578e-001  3.5859798e-001
  8.0243800e-001  3.5609325e-001
  8.0399803e-001  3.5358716e-001
  8.0555589e-001  3.5107972e-001
  8.0711157e-001  3.4857092e-001
  8.0866508e-001  3.4606078e-001
  8.1021644e-001  3.4354931e-001
  8.1176566e-001  3.4103652e-001
  8.1331273e-001  3.3852241e-001
  8.1485767e-001  3.3600698e-001
  8.1640048e-001  3.3349025e-001
  8.1794118e-001  3.3097223e-001
  8.1947976e-001  3.2845292e-001
  8.2101625e-001  3.2593232e-001
  8.2255064e-001  3.2341045e-001
  8.2408294e-001  3.2088730e-001
  8.2561317e-001  3.1836290e-001
  8.2714132e-001  3.1583724e-001
  8.2866740e-001  3.1331034e-001
  8.3019143e-001  3.1078219e-001
  8.3171341e-001  3.0825280e-001
  8.3323334e-001  3.0572219e-001
  8.3475124e-001  3.0319036e-001
  8.3626711e-001  3.0065731e-001
  8.3778096e-001  2.9812306e-001
  8.3929280e-001  2.9558760e-001
  8.4080263e-001  2.9305094e-001
  8.4231045e-001  2.9051310e-001
  8.4381629e-001  2.8797407e-001
  8.4532014e-001  2.8543387e-001
  8.4682200e-001  2.8289249e-001
  8.4832190e-001  2.8034995e-001
  8.4981983e-001  2.7780625e-001
  8.5131580e-001  2.7526140e-001
  8.5280982e-001  2.7271541e-001
  8.5430190e-001  2.7016827e-001
  8.5579203e-001  2.6762000e-001
  8.5728024e-001  2.6507060e-001
  8.5876651e-001  2.6252007e-001
  8.6025088e-001  2.5996843e-001
  8.6173332e-001  2.5741568e-001
  8.6321387e-001  2.5486182e-001
  8.6469251e-001  2.5230686e-001
  8.6616926e-001  2.4975081e-001
  8.6764413e-001  2.4719367e-001
  8.6911711e-001  2.4463545e-001
  8.7058822e-001  2.4207615e-001
  8.7205747e-001  2.3951577e-001
  8.7352485e-001  2.3695433e-001
  8.7499038e-001  2.3439183e-001
  8.7645407e-001  2.3182827e-001
  8.7791591e-001  2.2926366e-001
  8.7937591e-001  2.2669801e-001
  8.8083409e-001  2.2413131e-001
  8.8229044e-001  2.2156358e-001
  8.8374497e-001  2.1899482e-001
  8.8519769e-001  2.1642504e-001
  8.8664861e-001  2.1385424e-001
  8.8809773e-001  2.1128242e-001
  8.8954506e-001  2.0870959e-001
  8.9099060e-001  2.0613576e-001
  8.9243435e-001  2.0356092e-001
  8.9387634e-001  2.0098510e-001
  8.9531655e-001  1.9840828e-001
  8.9675500e-001  1.9583048e-001
  8.9819168e-001  1.9325170e-001
  8.9962662e-001  1.9067194e-001
  9.0105981e-001  1.8809121e-001
  9.0249126e-001  1.8550952e-001
  9.0392098e-001  1.8292686e-001
  9.0534897e-001  1.8034325e-001
  9.0677523e-001  1.7775868e-001
  9.0819977e-001  1.7517317e-001
  9.0962260e-001  1.7258672e-001
  9.1104373e-001  1.6999933e-001
  9.1246315e-001  1.6741100e-001
  9.1388088e-001  1.6482174e-001
  9.1529691e-001  1.6223156e-001
  9.1671126e-001  1.5964046e-001
  9.1812393e-001  1.5704844e-001
  9.1953493e-001  1.5445551e-001
  9.2094426e-001  1.5186167e-001
  9.2235192e-001  1.4926693e-001
  9.2375793e-001  1.4667129e-001
  9.2516228e-001  1.4407476e-001
  9.2656498e-001  1.4147733e-001
  9.2796604e-001  1.3887902e-001
  9.2936547e-001  1.3627983e-001
  9.3076326e-001  1.3367976e-001
  9.3215942e-001  1.3107881e-001
  9.3355397e-001  1.2847699e-001
  9.3494689e-001  1.2587431e-001
  9.3633820e-001  1.2327077e-001
  9.3772791e-001  1.2066636e-001
  9.3911602e-001  1.1806111e-001
  9.4050252e-001  1.1545500e-001
  9.4188744e-001  1.1284805e-001
  9.4327077e-001  1.1024025e-001
  9.4465252e-001  1.0763162e-001
  9.4603269e-001  1.0502215e-001
  9.4741129e-001  1.0241185e-001
  9.4878832e-001  9.9800727e-002
  9.5016379e-001  9.7188777e-002
  9.5153770e-001  9.4576008e-002
  9.5291006e-001  9.1962422e-002
  9.5428087e-001  8.9348025e-002
  9.5565014e-001  8.6732819e-002
  9.5701786e-001  8.4116808e-002
  9.5838406e-001  8.1499995e-002
  9.5974872e-001  7.8882385e-002
  9.6111187e-001  7.6263981e-002
  9.6247349e-001  7.3644786e-002
  9.6383359e-001  7.1024803e-002
  9.6519219e-001  6.8404037e-002
  9.6654928e-001  6.5782491e-002
  9.6790487e-001  6.3160168e-002
  9.6925896e-001  6.0537072e-002
  9.7061156e-001  5.7913206e-002
  9.7196267e-001  5.5288574e-002
  9.7331229e-001  5.2663178e-002
  9.7466044e-001  5.0037022e-002
  9.7600712e-001  4.7410110e-002
  9.7735232e-001  4.4782445e-002
  9.7869606e-001  4.2154030e-002
  9.8003833e-001  3.9524868e-002
  9.8137915e-001  3.6894963e-002
  9.8271852e-001  3.4264318e-002
  9.8405643e-001  3.1632935e-002
  9.8539291e-001  2.9000819e-002
  9.8672794e-001  2.6367972e-002
  9.8806154e-001  2.3734398e-002
  9.8939370e-001  2.1100099e-002
  9.9072444e-001  1.8465079e-002
  9.9205376e-001  1.5829341e-002
  9.9338165e-001  1.3192888e-002
  9.9470814e-001  1.0555722e-002
  9.9603321e-001  7.9178477e-003
  9.9735687e-001  5.2792673e-003
  9.9996491e-001  7.0175965e-005
