  0.0000000e+000  1.0000000e+000
  3.6440517e-005  9.9409617e-001
  7.8458340e-005  9.9114449e-001
  1.3989845e-004  9.8819315e-001
  2.1815509e-004  9.8524221e-001
  3.1387635e-004  9.8229179e-001
  4.2701513e-004  9.7934198e-001
  5.5730608e-004  9.7639288e-001
  7.0548337e-004  9.7344462e-001
  8.7071733e-004  9.7049727e-001
  1.0529784e-003  9.6755093e-001
  1.2527690e-003  9.6460572e-001
  1.4698614e-003  9.6166174e-001
  1.7041765e-003  9.5871907e-001
  1.9556393e-003  9.5577782e-001
  2.2242794e-003  9.5283810e-001
  2.5100415e-003  9.4989998e-001
  2.8128992e-003  9.4696358e-001
  3.1328198e-003  9.4402899e-001
  3.4696529e-003  9.4109629e-001
  3.8234936e-003  9.3816560e-001
  4.1943351e-003  9.3523701e-001
  4.5818813e-003  9.3231058e-001
  4.9862992e-003  9.2938644e-001
  5.4074637e-003  9.2646466e-001
  5.8453203e-003  9.2354533e-001
  6.2998657e-003  9.2062856e-001
  6.7709376e-003  9.1771441e-001
  7.2585518e-003  9.1480299e-001
  7.7626079e-003  9.1189436e-001
  8.2830787e-003  9.0898863e-001
  8.8198732e-003  9.0608587e-001
  9.3729229e-003  9.0318616e-001
  9.9421799e-003  9.0028959e-001
  1.0527542e-002  8.9739623e-001
  1.1128951e-002  8.9450616e-001
  1.1746341e-002  8.9161947e-001
  1.2379633e-002  8.8873622e-001
  1.3028742e-002  8.8585649e-001
  1.3693606e-002  8.8298036e-001
  1.4374128e-002  8.8010790e-001
  1.5070223e-002  8.7723916e-001
  1.5781837e-002  8.7437424e-001
  1.6508860e-002  8.7151319e-001
  1.7251226e-002  8.6865608e-001
  1.8008842e-002  8.6580298e-001
  1.8781621e-002  8.6295395e-001
  1.9569479e-002  8.6010905e-001
  2.0372333e-002  8.5726834e-001
  2.1190075e-002  8.5443189e-001
  2.2022646e-002  8.5159975e-001
  2.2869924e-002  8.4877198e-001
  2.3731828e-002  8.4594863e-001
  2.4608275e-002  8.4312976e-001
  2.5499167e-002  8.4031543e-001
  2.6404411e-002  8.3750567e-001
  2.7323908e-002  8.3470055e-001
  2.8257573e-002  8.3190012e-001
  2.9205309e-002  8.2910441e-001
  3.0167011e-002  8.2631348e-001
  3.1142592e-002  8.2352737e-001
  3.2131955e-002  8.2074612e-001
  3.3135003e-002  8.1796978e-001
  3.4151642e-002  8.1519838e-001
  3.5181766e-002  8.1243197e-001
  3.6225287e-002  8.0967059e-001
  3.7282102e-002  8.0691426e-001
  3.8352116e-002  8.0416304e-001
  3.9435234e-002  8.0141694e-001
  4.0531352e-002  7.9867601e-001
  4.1640376e-002  7.9594028e-001
  4.2762202e-002  7.9320977e-001
  4.3896741e-002  7.9048451e-001
  4.5043889e-002  7.8776455e-001
  4.6203553e-002  7.8504989e-001
  4.7375629e-002  7.8234057e-001
  4.8560024e-002  7.7963661e-001
  4.9756645e-002  7.7693804e-001
  5.0965381e-002  7.7424487e-001
  5.2186143e-002  7.7155714e-001
  5.3418835e-002  7.6887485e-001
  5.4663359e-002  7.6619804e-001
  5.5919618e-002  7.6352671e-001
  5.7187519e-002  7.6086089e-001
  5.8466958e-002  7.5820058e-001
  5.9757848e-002  7.5554582e-001
  6.1060090e-002  7.5289660e-001
  6.2373590e-002  7.5025295e-001
  6.3698254e-002  7.4761487e-001
  6.5033987e-002  7.4498238e-001
  6.6380694e-002  7.4235549e-001
  6.7738285e-002  7.3973421e-001
  6.9106665e-002  7.3711854e-001
  7.0485741e-002  7.3450849e-001
  7.1875425e-002  7.3190408e-001
  7.3275620e-002  7.2930530e-001
  7.4686238e-002  7.2671217e-001
  7.6107190e-002  7.2412469e-001
  7.7538384e-002  7.2154285e-001
  7.8979733e-002  7.1896667e-001
  8.0431144e-002  7.1639615e-001
  8.1892534e-002  7.1383129e-001
  8.3363811e-002  7.1127208e-001
  8.4844891e-002  7.0871854e-001
  8.6335686e-002  7.0617065e-001
  8.7836110e-002  7.0362843e-001
  8.9346078e-002  7.0109186e-001
  9.0865506e-002  6.9856094e-001
  9.2394307e-002  6.9603568e-001
  9.3932401e-002  6.9351607e-001
  9.5479704e-002  6.9100210e-001
  9.7036132e-002  6.8849377e-001
  9.8601605e-002  6.8599107e-001
  1.0017604e-001  6.8349401e-001
  1.0175936e-001  6.8100257e-001
  1.0335149e-001  6.7851674e-001
  1.0495233e-001  6.7603652e-001
  1.0656183e-001  6.7356191e-001
  1.0817989e-001  6.7109289e-001
  1.0980644e-001  6.6862945e-001
  1.1144141e-001  6.6617159e-001
  1.1308471e-001  6.6371930e-001
  1.1473628e-001  6.6127256e-001
  1.1639603e-001  6.5883138e-001
  1.1806390e-001  6.5639572e-001
  1.1973981e-001  6.5396560e-001
  1.2142369e-001  6.5154098e-001
  1.2311546e-001  6.4912188e-001
  1.2481506e-001  6.4670826e-001
  1.2652241e-001  6.4430012e-001
  1.2823744e-001  6.4189744e-001
  1.2996009e-001  6.3950022e-001
  1.3169029e-001  6.3710844e-001
  1.3342796e-001  6.3472208e-001
  1.3517304e-001  6.3234114e-001
  1.3692546e-001  6.2996560e-001
  1.3868516e-001  6.2759544e-001
  1.4045207e-001  6.2523065e-001
  1.4222612e-001  6.2287122e-001
  1.4400725e-001  6.2051713e-001
  1.4579540e-001  6.1816836e-001
  1.4759051e-001  6.1582490e-001
  1.4939250e-001  6.1348674e-001
  1.5120132e-001  6.1115386e-001
  1.5301692e-001  6.0882624e-001
  1.5483921e-001  6.0650386e-001
  1.5666816e-001  6.0418672e-001
  1.5850369e-001  6.0187479e-001
  1.6034574e-001  5.9956805e-001
  1.6219427e-001  5.9726650e-001
  1.6404921e-001  5.9497012e-001
  1.6591050e-001  5.9267887e-001
  1.6777809e-001  5.9039276e-001
  1.6965192e-001  5.8811177e-001
  1.7153193e-001  5.8583586e-001
  1.7341808e-001  5.8356504e-001
  1.7531030e-001  5.8129927e-001
  1.7720854e-001  5.7903855e-001
  1.7911275e-001  5.7678285e-001
  1.8102288e-001  5.7453216e-001
  1.8293887e-001  5.7228646e-001
  1.8486067e-001  5.7004573e-001
  1.8678823e-001  5.6780996e-001
  1.8872151e-001  5.6557912e-001
  1.9066044e-001  5.6335319e-001
  1.9260498e-001  5.6113217e-001
  1.9455508e-001  5.5891602e-001
  1.9651069e-001  5.5670474e-001
  1.9847177e-001  5.5449830e-001
  2.0043826e-001  5.5229669e-001
  2.0241012e-001  5.5009988e-001
  2.0438730e-001  5.4790786e-001
  2.0636976e-001  5.4572062e-001
  2.0835745e-001  5.4353812e-001
  2.1035032e-001  5.4136036e-001
  2.1234833e-001  5.3918731e-001
  2.1435144e-001  5.3701896e-001
  2.1635960e-001  5.3485529e-001
  2.1837277e-001  5.3269627e-001
  2.2039091e-001  5.3054190e-001
  2.2241397e-001  5.2839215e-001
  2.2444190e-001  5.2624700e-001
  2.2647468e-001  5.2410644e-001
  2.2851226e-001  5.2197044e-001
  2.3055459e-001  5.1983900e-001
  2.3260164e-001  5.1771208e-001
  2.3465337e-001  5.1558967e-001
  2.3670973e-001  5.1347176e-001
  2.3877069e-001  5.1135832e-001
  2.4083622e-001  5.0924933e-001
  2.4290626e-001  5.0714479e-001
  2.4498079e-001  5.0504466e-001
  2.4705976e-001  5.0294894e-001
  2.4914314e-001  5.0085759e-001
  2.5123089e-001  4.9877062e-001
  2.5332298e-001  4.9668799e-001
  2.5541937e-001  4.9460968e-001
  2.5752003e-001  4.9253569e-001
  2.5962491e-001  4.9046599e-001
  2.6173399e-001  4.8840056e-001
  2.6384722e-001  4.8633939e-001
  2.6596458e-001  4.8428246e-001
  2.6808604e-001  4.8222974e-001
  2.7021155e-001  4.8018123e-001
  2.7234109e-001  4.7813691e-001
  2.7447462e-001  4.7609675e-001
  2.7661210e-001  4.7406074e-001
  2.7875352e-001  4.7202886e-001
  2.8089883e-001  4.7000110e-001
  2.8304801e-001  4.6797743e-001
  2.8520102e-001  4.6595785e-001
  2.8735784e-001  4.6394232e-001
  2.8951842e-001  4.6193084e-001
  2.9168275e-001  4.5992338e-001
  2.9385079e-001  4.5791994e-001
  2.9602252e-001  4.5592049e-001
  2.9819790e-001  4.5392501e-001
  3.0037690e-001  4.5193349e-001
  3.0255950e-001  4.4994592e-001
  3.0474566e-001  4.4796226e-001
  3.0693537e-001  4.4598252e-001
  3.0912858e-001  4.4400667e-001
  3.1132529e-001  4.4203469e-001
  3.1352544e-001  4.4006657e-001
  3.1572903e-001  4.3810229e-001
  3.1793603e-001  4.3614184e-001
  3.2014639e-001  4.3418519e-001
  3.2236012e-001  4.3223234e-001
  3.2457716e-001  4.3028326e-001
  3.2679751e-001  4.2833794e-001
  3.2902112e-001  4.2639637e-001
  3.3124799e-001  4.2445852e-001
  3.3347808e-001  4.2252439e-001
  3.3571138e-001  4.2059395e-001
  3.3794784e-001  4.1866718e-001
  3.4018746e-001  4.1674409e-001
  3.4243021e-001  4.1482464e-001
  3.4467605e-001  4.1290882e-001
  3.4692498e-001  4.1099662e-001
  3.4917697e-001  4.0908802e-001
  3.5143199e-001  4.0718300e-001
  3.5369002e-001  4.0528156e-001
  3.5595104e-001  4.0338367e-001
  3.5821503e-001  4.0148932e-001
  3.6048196e-001  3.9959850e-001
  3.6275182e-001  3.9771119e-001
  3.6502457e-001  3.9582737e-001
  3.6730021e-001  3.9394703e-001
  3.6957870e-001  3.9207015e-001
  3.7186003e-001  3.9019673e-001
  3.7414418e-001  3.8832674e-001
  3.7643112e-001  3.8646017e-001
  3.7872085e-001  3.8459701e-001
  3.8101332e-001  3.8273724e-001
  3.8330853e-001  3.8088084e-001
  3.8560646e-001  3.7902781e-001
  3.8790708e-001  3.7717813e-001
  3.9021038e-001  3.7533178e-001
  3.9251634e-001  3.7348875e-001
  3.9482494e-001  3.7164903e-001
  3.9713616e-001  3.6981260e-001
  3.9944997e-001  3.6797945e-001
  4.0176637e-001  3.6614957e-001
  4.0408534e-001  3.6432293e-001
  4.0640685e-001  3.6249953e-001
  4.0873089e-001  3.6067935e-001
  4.1105744e-001  3.5886239e-001
  4.1338648e-001  3.5704862e-001
  4.1571799e-001  3.5523803e-001
  4.1805197e-001  3.5343062e-001
  4.2038838e-001  3.5162635e-001
  4.2272722e-001  3.4982524e-001
  4.2506847e-001  3.4802725e-001
  4.2741211e-001  3.4623238e-001
  4.2975812e-001  3.4444061e-001
  4.3210648e-001  3.4265193e-001
  4.3445719e-001  3.4086633e-001
  4.3681023e-001  3.3908380e-001
  4.3916557e-001  3.3730432e-001
  4.4152320e-001  3.3552788e-001
  4.4388312e-001  3.3375446e-001
  4.4624530e-001  3.3198406e-001
  4.4860972e-001  3.3021666e-001
  4.5097637e-001  3.2845225e-001
  4.5334525e-001  3.2669082e-001
  4.5571632e-001  3.2493236e-001
  4.5808958e-001  3.2317685e-001
  4.6046502e-001  3.2142427e-001
  4.6284261e-001  3.1967463e-001
  4.6522234e-001  3.1792790e-001
  4.6760421e-001  3.1618408e-001
  4.6998819e-001  3.1444315e-001
  4.7237427e-001  3.1270511e-001
  4.7476244e-001  3.1096993e-001
  4.7715268e-001  3.0923761e-001
  4.7954499e-001  3.0750813e-001
  4.8193934e-001  3.0578149e-001
  4.8433572e-001  3.0405768e-001
  4.8673412e-001  3.0233667e-001
  4.8913453e-001  3.0061847e-001
  4.9153693e-001  2.9890305e-001
  4.9394132e-001  2.9719041e-001
  4.9634767e-001  2.9548054e-001
  4.9875598e-001  2.9377342e-001
  5.0116623e-001  2.9206905e-001
  5.0357841e-001  2.9036741e-001
  5.0599251e-001  2.8866849e-001
  5.0840852e-001  2.8697229e-001
  5.1082642e-001  2.8527878e-001
  5.1324620e-001  2.8358797e-001
  5.1566785e-001  2.8189983e-001
  5.1809136e-001  2.8021437e-001
  5.2051671e-001  2.7853156e-001
  5.2294390e-001  2.7685140e-001
  5.2537292e-001  2.7517387e-001
  5.2780374e-001  2.7349897e-001
  5.3023637e-001  2.7182669e-001
  5.3267078e-001  2.7015702e-001
  5.3510697e-001  2.6848994e-001
  5.3754493e-001  2.6682544e-001
  5.3998465e-001  2.6516352e-001
  5.4242611e-001  2.6350417e-001
  5.4486931e-001  2.6184737e-001
  5.4731423e-001  2.6019311e-001
  5.4976087e-001  2.5854139e-001
  5.5220920e-001  2.5689220e-001
  5.5465923e-001  2.5524552e-001
  5.5711095e-001  2.5360135e-001
  5.5956433e-001  2.5195967e-001
  5.6201938e-001  2.5032048e-001
  5.6447607e-001  2.4868377e-001
  5.6693442e-001  2.4704953e-001
  5.6939439e-001  2.4541774e-001
  5.7185598e-001  2.4378840e-001
  5.7431919e-001  2.4216150e-001
  5.7678400e-001  2.4053703e-001
  5.7925041e-001  2.3891498e-001
  5.8171839e-001  2.3729534e-001
  5.8418796e-001  2.3567811e-001
  5.8665909e-001  2.3406326e-001
  5.8913177e-001  2.3245080e-001
  5.9160600e-001  2.3084072e-001
  5.9408177e-001  2.2923300e-001
  5.9655907e-001  2.2762764e-001
  5.9903789e-001  2.2602462e-001
  6.0151822e-001  2.2442395e-001
  6.0400005e-001  2.2282560e-001
  6.0648337e-001  2.2122958e-001
  6.0896818e-001  2.1963587e-001
  6.1145447e-001  2.1804446e-001
  6.1394222e-001  2.1645535e-001
  6.1643144e-001  2.1486852e-001
  6.1892210e-001  2.1328398e-001
  6.2141421e-001  2.1170170e-001
  6.2390775e-001  2.1012169e-001
  6.2640272e-001  2.0854393e-001
  6.2889910e-001  2.0696841e-001
  6.3139690e-001  2.0539513e-001
  6.3389610e-001  2.0382408e-001
  6.3639669e-001  2.0225525e-001
  6.3889867e-001  2.0068863e-001
  6.4140203e-001  1.9912421e-001
  6.4390676e-001  1.9756199e-001
  6.4641285e-001  1.9600196e-001
  6.4892029e-001  1.9444411e-001
  6.5142909e-001  1.9288843e-001
  6.5393923e-001  1.9133491e-001
  6.5645069e-001  1.8978355e-001
  6.5896349e-001  1.8823434e-001
  6.6147760e-001  1.8668727e-001
  6.6399303e-001  1.8514233e-001
  6.6650975e-001  1.8359951e-001
  6.6902778e-001  1.8205882e-001
  6.7154709e-001  1.8052023e-001
  6.7406769e-001  1.7898375e-001
  6.7658956e-001  1.7744936e-001
  6.7911270e-001  1.7591705e-001
  6.8163711e-001  1.7438683e-001
  6.8416277e-001  1.7285868e-001
  6.8668967e-001  1.7133259e-001
  6.8921782e-001  1.6980856e-001
  6.9174720e-001  1.6828659e-001
  6.9427781e-001  1.6676665e-001
  6.9680965e-001  1.6524875e-001
  6.9934270e-001  1.6373288e-001
  7.0187695e-001  1.6221903e-001
  7.0441241e-001  1.6070720e-001
  7.0694907e-001  1.5919737e-001
  7.0948691e-001  1.5768954e-001
  7.1202594e-001  1.5618371e-001
  7.1456614e-001  1.5467986e-001
  7.1710752e-001  1.5317799e-001
  7.1965005e-001  1.5167809e-001
  7.2219375e-001  1.5018016e-001
  7.2473860e-001  1.4868419e-001
  7.2728460e-001  1.4719017e-001
  7.2983174e-001  1.4569810e-001
  7.3238001e-001  1.4420796e-001
  7.3492941e-001  1.4271976e-001
  7.3747993e-001  1.4123348e-001
  7.4003158e-001  1.3974912e-001
  7.4258433e-001  1.3826667e-001
  7.4513819e-001  1.3678613e-001
  7.4769314e-001  1.3530749e-001
  7.5024919e-001  1.3383074e-001
  7.5280634e-001  1.3235587e-001
  7.5536456e-001  1.3088289e-001
  7.5792386e-001  1.2941177e-001
  7.6048423e-001  1.2794253e-001
  7.6304568e-001  1.2647514e-001
  7.6560818e-001  1.2500961e-001
  7.6817174e-001  1.2354593e-001
  7.7073634e-001  1.2208409e-001
  7.7330200e-001  1.2062409e-001
  7.7586869e-001  1.1916591e-001
  7.7843642e-001  1.1770956e-001
  7.8100518e-001  1.1625502e-001
  7.8357497e-001  1.1480230e-001
  7.8614577e-001  1.1335138e-001
  7.8871759e-001  1.1190226e-001
  7.9129042e-001  1.1045494e-001
  7.9386425e-001  1.0900940e-001
  7.9643908e-001  1.0756564e-001
  7.9901491e-001  1.0612366e-001
  8.0159173e-001  1.0468345e-001
  8.0416953e-001  1.0324500e-001
  8.0674831e-001  1.0180831e-001
  8.0932807e-001  1.0037337e-001
  8.1190879e-001  9.8940183e-002
  8.1449049e-001  9.7508732e-002
  8.1707314e-001  9.6079017e-002
  8.1965676e-001  9.4651031e-002
  8.2224132e-001  9.3224768e-002
  8.2482683e-001  9.1800225e-002
  8.2741329e-001  9.0377393e-002
  8.3000068e-001  8.8956269e-002
  8.3258901e-001  8.7536847e-002
  8.3517826e-001  8.6119120e-002
  8.3776844e-001  8.4703085e-002
  8.4035955e-001  8.3288734e-002
  8.4295156e-001  8.1876063e-002
  8.4554449e-001  8.0465067e-002
  8.4813833e-001  7.9055740e-002
  8.5073307e-001  7.7648077e-002
  8.5332871e-001  7.6242072e-002
  8.5592525e-001  7.4837720e-002
  8.5852267e-001  7.3435016e-002
  8.6112098e-001  7.2033954e-002
  8.6372018e-001  7.0634531e-002
  8.6632025e-001  6.9236739e-002
  8.6892119e-001  6.7840575e-002
  8.7152301e-001  6.6446033e-002
  8.7412569e-001  6.5053107e-002
  8.7672924e-001  6.3661794e-002
  8.7933364e-001  6.2272087e-002
  8.8193889e-001  6.0883982e-002
  8.8454500e-001  5.9497474e-002
  8.8715195e-001  5.8112558e-002
  8.8975975e-001  5.6729228e-002
  8.9236838e-001  5.5347481e-002
  8.9497785e-001  5.3967310e-002
  8.9758815e-001  5.2588711e-002
  9.0019928e-001  5.1211680e-002
  9.0281123e-001  4.9836211e-002
  9.0542399e-001  4.8462300e-002
  9.0803758e-001  4.7089941e-002
  9.1065198e-001  4.5719131e-002
  9.1326718e-001  4.4349863e-002
  9.1588319e-001  4.2982135e-002
  9.1850001e-001  4.1615940e-002
  9.2111762e-001  4.0251274e-002
  9.2373602e-001  3.8888133e-002
  9.2635522e-001  3.7526511e-002
  9.2897520e-001  3.6166405e-002
  9.3159596e-001  3.4807810e-002
  9.3421751e-001  3.3450720e-002
  9.3683983e-001  3.2095132e-002
  9.3946293e-001  3.0741041e-002
  9.4208680e-001  2.9388443e-002
  9.4471143e-001  2.8037332e-002
  9.4733682e-001  2.6687705e-002
  9.4996298e-001  2.5339557e-002
  9.5258989e-001  2.3992884e-002
  9.5521756e-001  2.2647681e-002
  9.5784597e-001  2.1303943e-002
  9.6047513e-001  1.9961668e-002
  9.6310504e-001  1.8620849e-002
  9.6573568e-001  1.7281483e-002
  9.6836707e-001  1.5943566e-002
  9.7099918e-001  1.4607093e-002
  9.7363203e-001  1.3272060e-002
  9.7626560e-001  1.1938462e-002
  9.7889990e-001  1.0606296e-002
  9.8153492e-001  9.2755574e-003
  9.8417066e-001  7.9462417e-003
  9.8680711e-001  6.6183449e-003
  9.8944428e-001  5.2918629e-003
  9.9208215e-001  3.9667915e-003
  9.9472073e-001  2.6431267e-003
  9.9999374e-001  3.1322056e-006
